100
50856.0
0 23 187.0
0 81 333.0
0 4 472.0
1 88 1238.0
2 98 1615.0
3 16 152.0
3 15 156.0
3 50 328.0
4 30 891.0
5 35 13.0
5 96 136.0
5 23 485.0
5 78 514.0
5 92 778.0
6 80 175.0
6 32 243.0
6 16 301.0
7 34 117.0
7 57 593.0
7 93 666.0
7 44 802.0
8 13 116.0
8 55 393.0
9 90 162.0
10 87 2258.0
11 47 339.0
12 75 296.0
13 54 224.0
14 46 292.0
15 62 332.0
16 83 176.0
16 64 586.0
17 23 117.0
18 61 5.0
19 57 573.0
20 73 38.0
20 40 224.0
20 99 784.0
20 79 1433.0
21 56 341.0
22 73 683.0
23 32 370.0
23 68 496.0
24 56 1276.0
25 85 1595.0
26 55 441.0
26 70 458.0
27 52 304.0
27 89 1043.0
28 56 998.0
29 48 393.0
30 42 686.0
31 57 290.0
31 98 479.0
32 63 339.0
33 91 179.0
33 96 643.0
34 83 586.0
34 43 984.0
35 84 882.0
36 49 1616.0
37 66 122.0
38 94 297.0
39 69 132.0
40 65 21.0
40 72 364.0
41 50 337.0
42 86 30.0
42 51 231.0
44 61 764.0
44 76 1090.0
45 60 847.0
46 80 804.0
47 92 499.0
47 48 608.0
49 67 844.0
52 88 449.0
53 77 103.0
54 83 139.0
54 73 172.0
54 87 327.0
54 58 339.0
56 90 781.0
57 69 727.0
58 97 554.0
59 72 97.0
59 67 606.0
59 90 755.0
60 68 470.0
65 75 337.0
66 95 207.0
66 78 541.0
67 94 122.0
68 85 197.0
68 89 873.0
71 98 1234.0
74 87 369.0
77 85 173.0
78 82 669.0
