8 100 1011
500 100
20 2
40 10
50 22
60 12
100 4
190 32
9 0
8 0
12 0
12 11
84 12
77 73
11 51
79 55
30 23
82 70
55 47
46 10
64 47
18 49
46 96
11 74
22 0
21 78
81 84
81 88
25 68
86 4
10 46
19 97
79 27
67 13
37 7
47 10
65 60
45 18
48 54
52 87
64 15
14 57
40 86
6 85
93 46
55 56
99 65
17 2
53 34
31 61
30 12
59 65
60 41
74 34
73 52
68 41
31 51
83 52
18 72
92 33
56 23
6 9
50 5
4 86
24 16
21 87
59 48
17 86
72 10
44 93
9 36
41 40
64 76
77 10
10 54
18 70
89 10
88 63
66 19
30 49
77 98
19 51
27 10
47 38
45 16
55 22
94 55
61 12
26 67
51 36
63 45
25 38
15 39
57 65
55 1
74 35
35 59
25 33
66 69
81 98
71 34
3 2
35 73
72 58
10 4
76 18
26 42
46 48
60 79
73 64
12 12
68 25
78 88
10 84
26 63
9 3
27 12
6 61
64 46
85 72
78 9
73 60
80 52
93 28
81 29
79 19
1 28
17 6
17 12
44 65
79 78
65 79
91 15
22 98
77 58
55 88
9 53
56 65
62 14
63 82
13 62
5 24
44 61
41 22
35 75
96 75
75 51
41 60
54 71
80 18
1 17
1 21
43 1
4 34
49 56
2 79
60 81
18 92
13 6
28 97
92 22
4 19
98 14
42 25
26 7
89 65
28 31
6 95
85 71
71 6
37 13
64 49
38 90
44 6
18 73
85 83
8 88
23 37
73 67
79 2
27 95
62 6
99 79
63 59
82 51
88 66
92 31
66 30
49 74
4 68
20 77
18 0
91 26
49 96
94 82
95 3
74 83
29 2
43 59
95 99
46 51
23 6
81 12
6 37
96 28
27 31
21 77
97 85
63 75
93 13
78 83
19 57
57 32
42 49
71 29
20 49
68 38
26 85
73 57
86 14
57 25
90 74
76 67
58 81
14 27
69 80
55 34
65 14
12 94
96 98
16 99
80 3
82 89
34 52
42 19
11 45
70 96
23 2
10 65
96 99
57 31
4 72
79 19
65 84
73 47
30 90
46 91
43 27
13 42
71 23
13 12
66 90
87 34
41 99
21 8
81 5
26 78
65 63
77 41
28 22
37 74
32 80
3 2
50 52
51 61
78 61
32 61
5 58
53 46
47 96
8 96
69 99
56 97
34 62
15 34
43 80
87 32
40 22
22 0
26 3
63 25
84 63
73 14
83 59
38 8
60 54
84 85
39 43
16 31
59 28
5 60
22 6
49 87
52 30
92 57
52 34
80 14
64 61
48 11
17 35
2 65
17 5
20 27
28 98
20 4
87 83
37 84
54 65
95 19
7 24
69 29
7 78
45 68
49 6
90 47
2 61
97 84
83 9
54 74
91 69
94 37
64 59
32 6
33 55
81 59
1 41
43 8
47 24
36 65
52 87
14 36
23 49
31 33
65 9
41 74
51 35
24 97
95 66
35 30
82 2
39 91
59 69
68 38
72 79
43 34
8 84
54 96
54 60
47 13
13 25
85 62
72 96
49 93
6 6
35 64
34 37
87 83
47 64
41 86
32 95
36 9
47 32
89 65
38 92
60 44
6 83
85 72
46 72
44 12
43 27
5 64
51 60
16 32
42 33
24 86
92 48
53 93
80 48
37 77
49 35
40 72
90 73
69 70
77 99
47 95
81 42
77 86
58 35
71 94
31 49
39 92
88 98
18 59
22 60
31 58
57 3
10 32
35 55
65 74
87 73
77 60
69 11
57 2
36 70
33 24
92 79
2 97
4 54
59 86
14 75
78 98
51 82
23 21
57 47
34 90
23 19
87 62
78 30
41 12
30 82
75 94
68 4
19 62
19 99
55 66
95 90
93 86
65 51
44 29
93 95
43 71
82 76
21 42
4 70
94 79
14 45
26 97
58 92
33 5
47 56
85 92
80 17
14 74
90 22
4 35
15 39
15 81
42 71
1 27
47 0
28 52
59 21
16 96
87 19
23 67
85 27
14 32
64 91
86 94
63 20
71 12
82 69
4 28
7 26
6 10
64 48
27 20
73 25
11 23
78 36
66 32
66 43
76 16
41 77
50 61
44 87
78 43
71 42
59 40
44 69
4 29
6 73
98 89
55 21
55 79
34 95
32 56
40 37
81 70
75 78
78 93
78 29
89 85
18 29
5 65
71 94
60 43
96 12
45 12
80 13
86 31
93 14
63 66
35 19
43 70
46 52
8 93
46 1
98 25
32 0
2 23
4 98
3 77
20 36
72 29
31 54
52 56
19 43
78 32
78 35
17 27
64 33
53 52
94 47
82 51
44 40
50 25
53 30
58 42
59 31
25 48
65 50
9 25
32 47
49 77
56 67
53 97
83 65
90 36
60 35
90 32
22 25
57 77
17 81
48 15
12 34
56 69
14 43
30 3
13 97
27 72
62 69
75 77
34 81
21 19
62 25
66 15
96 38
38 89
74 47
74 83
76 20
11 20
5 28
87 81
26 18
16 90
89 60
64 74
93 93
19 10
2 70
31 17
81 32
99 95
6 20
32 14
23 63
56 41
41 61
26 7
1 26
5 24
79 29
71 65
71 41
60 77
28 0
85 45
2 26
41 57
18 60
28 33
20 48
26 87
6 34
45 30
78 20
60 4
44 54
27 9
16 32
17 16
5 81
68 64
96 30
61 32
68 84
40 71
42 86
5 40
93 4
58 17
68 77
62 51
46 0
92 26
42 15
44 55
42 40
54 32
50 17
50 36
17 94
54 80
56 63
37 58
83 89
37 40
99 77
98 77
25 16
10 73
92 25
36 26
42 13
89 96
86 78
7 69
73 80
62 13
63 20
65 2
62 15
72 56
65 15
12 10
94 53
67 13
8 67
73 97
95 72
65 89
99 11
49 11
68 93
31 22
36 56
85 69
54 72
96 21
72 64
5 66
7 47
98 63
27 25
36 40
97 50
44 93
38 1
32 62
17 57
36 22
6 53
65 9
3 34
22 18
87 36
92 61
61 70
74 22
13 50
2 50
19 17
22 28
38 91
65 45
16 52
60 69
37 40
45 91
93 33
50 27
71 98
15 2
82 38
33 18
87 43
21 53
83 7
19 65
93 27
39 86
24 19
57 67
75 68
4 75
97 95
96 92
32 83
96 79
66 0
13 56
9 44
74 15
22 31
41 88
92 98
49 23
77 56
90 17
55 14
37 45
54 85
79 38
46 51
73 38
55 14
99 11
57 29
12 81
9 33
52 90
81 19
35 46
95 33
26 63
92 38
73 96
99 0
19 81
1 41
50 88
19 22
14 36
41 61
51 0
92 13
3 94
90 40
12 93
15 37
96 72
43 23
11 78
14 47
20 43
31 98
39 62
59 63
71 26
40 0
85 66
3 75
10 20
2 46
9 53
12 36
46 64
44 66
79 1
15 94
58 63
38 65
27 46
89 17
11 21
61 12
45 52
43 32
44 89
66 44
12 18
63 86
11 84
8 7
49 47
83 13
32 94
29 60
24 65
71 56
92 30
18 43
52 6
80 50
4 97
67 87
25 68
83 59
94 99
13 13
54 30
26 60
36 22
31 13
31 47
14 61
50 48
29 89
42 91
2 51
96 38
32 91
97 95
8 36
93 13
47 29
46 76
65 71
2 7
27 88
1 76
32 6
25 36
50 28
82 45
68 98
71 70
87 71
2 39
53 51
3 51
37 55
78 7
80 71
45 44
65 90
17 88
62 65
54 89
21 54
47 55
54 31
97 85
73 40
81 48
12 46
68 92
44 94
19 68
64 86
99 49
79 63
53 6
40 61
34 83
32 71
93 44
66 59
83 2
94 66
17 25
42 52
24 5
32 47
3 91
27 14
40 18
11 55
66 4
45 54
42 3
25 93
93 10
47 80
27 17
24 44
91 52
81 61
89 1
8 58
82 80
38 10
94 13
14 17
66 68
93 32
35 88
97 82
75 75
74 68
24 7
46 83
66 15
58 13
30 8
44 46
52 87
88 66
64 7
78 6
13 48
93 75
93 23
55 30
2 76
27 85
2 3
62 43
50 52
11 73
81 63
62 28
60 15
10 27
10 26
23 1
87 34
71 16
71 43
66 51
74 66
57 5
9 70
37 99
84 69
38 11
61 98
89 96
69 10
1 31
45 29
18 91
13 95
51 45
58 85
45 67
78 19
33 31
34 91
83 8
13 83
38 1
12 91
94 77
53 70
21 40
28 5
73 88
18 79
84 4
67 44
61 66
26 32
68 55
64 74
11 38
90 58
61 50
39 24
96 92
2 17
91 53
17 97
57 76
71 19
55 4
29 84
67 57
75 81
46 62
11 12
9 8
54 42
84 38
8 65
39 93
65 53
46 2
56 85
82 66
63 24
45 13
10 14
53 84
28 97
16 38
36 44
77 55
22 95
83 77
6 61
42 75
44 7
16 31
10 22
10 39
26 5
40 63
47 37
16 83
98 14
82 25
57 3
30 83
3 89
27 91
55 52
26 51
68 8
42 64


